%YAML:1.0
---
cameraMatrix: !!opencv-matrix
   rows: 3
   cols: 3
   dt: d
   data: [ 3073391.6933915075, 0., 914.49999855905207, 0.,
       3072599.6483065113, 664.49999808304165, 0., 0., 1. ]
distCoeffs: !!opencv-matrix
   rows: 1
   cols: 5
   dt: d
   data: [ -4.7893469946028397e-09, -3.2945265151326288e-16,
       1.8967026030772366e-05, 3.3533722276059741e-05,
       -2.1621612420410015e-23 ]
